802338724 1524289825 3170323834 4114856911 5 0 0 0 0 
1610622952 999100022 4123900225 2248834465 4 0 0 0 0 
1390541744 55156612 211824461 261520332 5 0 0 0 0 
3059454021 1579484125 924924403 2915020814 4 0 0 0 0 
644865884 2306915116 389105781 2231722296 5 0 0 0 0 
3221325734 1744349983 283968096 3394971001 6 0 0 0 0 
1793288274 1395709893 516021060 290794975 5 0 0 0 0 
4010987918 357098096 131447442 477002704 4 0 0 0 0 
488194225 4087549296 2207597138 135403839 6 0 0 0 0 
2266045097 890466113 2359974269 2165524721 5 0 0 0 0 
3595290271 3925408994 2166529386 465775999 4 0 0 0 0 
2449483289 3783053809 2732657093 3338690720 6 0 0 0 0 
1410421452 915643137 551491018 3597472507 4 0 0 0 0 
3125981511 2836851831 3480401142 1890466964 4 0 0 0 0 
681451109 3862615832 1812468063 204033643 5 0 0 0 0 
168407850 1521194470 1053485195 2966546812 4 0 0 0 0 
1120273072 2523991377 1069452700 2802163026 4 0 0 0 0 
261274278 2149134545 552646022 605377181 4 0 0 0 0 
105877790 743804321 4100065823 663187822 5 0 0 0 0 
4123177631 909936975 1265030870 841052710 4 0 0 0 0 
2205749567 3241989698 2080348615 51252024 4 0 0 0 0 
4279181085 3854180799 3082270852 780675680 4 0 0 0 0 
3960852185 405113917 4118554689 493717613 5 0 0 0 0 
337047763 1994940466 844555869 1128665669 4 0 0 0 0 
2575044279 3947251854 1688734810 1794163276 4 0 0 0 0 
3384944951 249877182 1903094448 3916788564 5 0 0 0 0 
353243081 3936972078 74697084 338841875 5 0 0 0 0 
1655135044 3858479589 1471043952 1740568766 5 0 0 0 0 
1603104724 820590956 3154664206 2369202556 4 0 0 0 0 
2884000251 1830157315 2282045269 207662803 5 0 0 0 0 
1220690867 1902194434 2181070248 54007786 5 0 0 0 0 
3406241522 157416708 524322538 3730700316 4 0 0 0 0 
2849729053 1565299431 356875993 637094327 5 0 0 0 0 
1598703045 271371838 3386104537 2337437430 4 0 0 0 0 
2609568100 4194883469 3156001421 496208820 5 0 0 0 0 
2598030985 203480815 1952391954 1418422556 4 0 0 0 0 
2088936993 624326302 1548402399 1202373910 4 0 0 0 0 
1904203558 2054387034 1061728561 3935438479 4 0 0 0 0 
1062880193 1786999550 3313417904 1172746598 4 0 0 0 0 
283242847 2342074855 2144901677 1708197589 5 0 0 0 0 
3671865080 2558412362 1352536035 1307586856 4 0 0 0 0 
2865634277 3705834120 1163006774 1860943892 5 0 0 0 0 
1574257294 3346592756 267346447 3057763393 4 0 0 0 0 
333709220 2394869073 1177032305 3341574585 6 0 0 0 0 
3546548281 2908773301 4228281962 2382983781 6 0 0 0 0 
1295777825 2339392614 3925628896 1183151657 7 0 0 0 0 
4068729726 3844291590 2590296389 211362137 6 0 0 0 0 
2326549008 1240590699 2055478553 416603904 6 0 0 0 0 
1888609488 4277858643 732001509 4216098749 5 0 0 0 0 
1951523506 435586433 1630349272 2977291584 4 0 0 0 0 
1723884764 1034883485 2507425951 540788016 5 0 0 0 0 
1420975192 3671587450 1305841324 848610490 4 0 0 0 0 
790540152 1416178092 601695329 145475742 4 0 0 0 0 
411197092 2479646611 3420632720 3958131205 5 0 0 0 0 
2701204053 3554300125 1240341101 1749945416 5 0 0 0 0 
323002282 4122092230 4258069513 3241418534 5 0 0 0 0 
912360872 130970396 1155050129 3271906555 4 0 0 0 0 
892144786 1571853603 4022882112 4232391082 5 0 0 0 0 
4091565022 1393081555 2988316945 3683941097 4 0 0 0 0 
2483175663 1839113947 1518735768 607765605 5 0 0 0 0 
913276442 3295012780 518901127 183884909 6 0 0 0 0 
723290969 2170711879 3074580877 1837307612 5 0 0 0 0 
429780421 2054045927 3690974730 2840524562 5 0 0 0 0 
3240315279 3991344915 1099751039 2700105737 6 0 0 0 0 
