2414108708 2693866766 748799881 2627529228 4 0 0 0 0 
3803350155 2926646169 2482860596 780196821 5 0 0 0 0 
929346862 3166216324 3444130998 3247205793 4 0 0 0 0 
3953817345 770881480 3387994226 50290518 6 0 0 0 0 
2361415024 865842302 1564601125 3302212940 5 0 0 0 0 
3429372598 3653347993 411772564 1135068296 4 0 0 0 0 
1069191634 4123942929 1774898299 2204201154 5 0 0 0 0 
2453435172 867108379 3217572709 579931191 4 0 0 0 0 
324200093 2649358005 1292112479 1582289754 6 0 0 0 0 
2484167908 885870541 1113059774 2447482040 4 0 0 0 0 
1281913577 538847245 1630875372 2428243618 4 0 0 0 0 
2431794380 535181635 735345769 936149773 5 0 0 0 0 
2403937317 25123659 71075360 649979099 4 0 0 0 0 
2495568570 1724615880 3397200879 2776469985 5 0 0 0 0 
3649179348 3014839245 2072524753 3937770851 5 0 0 0 0 
1674008993 2956593448 2759037047 520427012 5 0 0 0 0 
1758593382 4194415400 2026352496 968204228 4 0 0 0 0 
427064490 735331237 2941810671 1245301667 5 0 0 0 0 
4023353861 3011958716 3919960448 607076434 6 0 0 0 0 
449893096 1530900662 3211686200 321563225 5 0 0 0 0 
1098069826 1244736009 3017424453 9811677 4 0 0 0 0 
2312224641 2981132248 3235116457 15365107 4 0 0 0 0 
1690495256 46779301 1657397336 3485530401 4 0 0 0 0 
1062210626 851805091 2770021192 794914732 6 0 0 0 0 
3446684826 2216899974 1091163801 3257450793 5 0 0 0 0 
3385781625 1749855372 84356538 2191858110 4 0 0 0 0 
2848456412 3607559157 3135608848 3158602036 4 0 0 0 0 
3558273523 370943412 2896822068 1723842716 4 0 0 0 0 
3598945661 2025436589 876968908 981683570 4 0 0 0 0 
990392945 741494303 1088913020 184215911 4 0 0 0 0 
2542416963 3470041556 2628019295 2245154316 4 0 0 0 0 
2940481869 203910932 1739498662 492636475 5 0 0 0 0 
3410272705 3246602565 2446526139 797601824 6 0 0 0 0 
4104495081 2908947844 958136679 1204086848 4 0 0 0 0 
3937975919 568882842 4106335727 3182174196 4 0 0 0 0 
2341300058 3772833960 1788756496 654828212 4 0 0 0 0 
1061107493 1144208621 870941235 1939425438 6 0 0 0 0 
1772375431 174373305 1216953263 2512077604 6 0 0 0 0 
848760232 1410191011 165810449 1334261001 4 0 0 0 0 
1516790990 1822781278 547051634 3131246443 5 0 0 0 0 
410460231 2132173837 2134115344 498636113 4 0 0 0 0 
1227958223 649749395 664602476 157424191 4 0 0 0 0 
1145790937 542965728 4161381803 479667508 4 0 0 0 0 
3061950886 2499867750 499863476 3057414473 4 0 0 0 0 
2465801564 2189065578 3623699745 3371099318 4 0 0 0 0 
3950374973 29206565 4135142002 1018112391 7 0 0 0 0 
2233822838 3438220322 2083743430 1170975283 5 0 0 0 0 
3142452006 4055261830 838791080 1019111035 5 0 0 0 0 
3906127459 1020152213 738807270 2332190622 5 0 0 0 0 
1222145349 287611824 2090218911 313769001 4 0 0 0 0 
1512065191 2530525284 1736193051 2011678485 5 0 0 0 0 
1137583076 2882580941 3122750565 232012276 5 0 0 0 0 
1473102539 2788837718 1799057732 1510676530 4 0 0 0 0 
3097225981 3644722388 799306110 2466217911 4 0 0 0 0 
3739039655 3634323916 2114796037 2043407916 5 0 0 0 0 
3384564300 4241443354 3569933121 3537700877 5 0 0 0 0 
1642929966 2076755214 146161047 508250498 4 0 0 0 0 
1285469624 1767370732 380644223 4053264503 4 0 0 0 0 
2267669301 1084931282 3423606885 1387968655 5 0 0 0 0 
556276703 170581037 2031824304 1806069323 4 0 0 0 0 
2210056379 948588668 4239549755 1842270103 6 0 0 0 0 
598181002 3652115072 218903608 2160872828 5 0 0 0 0 
1609578650 2510105052 1615506012 2030479524 4 0 0 0 0 
2144610597 2500007554 575485091 1057662435 4 0 0 0 0 
