1789368711 3146859322 43676229 3522623596 6 0 0 0 0 
4155305506 2193481764 4203907334 2966580966 5 0 0 0 0 
3046791529 3921881512 3542634833 1416878696 6 0 0 0 0 
1911749060 337424446 1666878690 4271792710 6 0 0 0 0 
59346766 2689095970 2112225325 1399132103 6 0 0 0 0 
3805079419 793943987 3587428066 2609196220 7 0 0 0 0 
2455190352 2920298049 3536805149 2225936643 7 0 0 0 0 
1977845528 3193586770 837795574 2697857211 4 0 0 0 0 
780977054 1170907779 1499501014 895730086 7 0 0 0 0 
4282768895 1464698897 1684217249 1371591319 6 0 0 0 0 
3340679186 2233342679 651125047 2527332478 4 0 0 0 0 
129400056 2202790517 3923841029 2320146969 7 0 0 0 0 
755930389 2702021665 24048374 2218437649 5 0 0 0 0 
902434339 1841400310 1689304230 3958006552 5 0 0 0 0 
2307185686 314113013 2827482666 2049964430 7 0 0 0 0 
3143712524 1685203986 2047869304 398136544 7 0 0 0 0 
3706488470 1966238442 114840825 1489919695 5 0 0 0 0 
2643970575 1189232517 4077608077 2634802703 7 0 0 0 0 
845726594 3011662651 1151481337 906199588 6 0 0 0 0 
2190551939 2219130021 619708325 2112841567 6 0 0 0 0 
585583216 3308581817 2936306833 663535444 4 0 0 0 0 
494582014 4094743214 304060558 2258531042 4 0 0 0 0 
3634542115 3149163937 3219159744 372649803 6 0 0 0 0 
3202680096 3639928142 361859502 1002076374 6 0 0 0 0 
1814442908 530018625 865147366 3944780943 6 0 0 0 0 
4213242247 2707762420 390014072 44795331 6 0 0 0 0 
2224426546 2946721033 116761967 2134799668 5 0 0 0 0 
1318631501 3703312913 1984506619 1832673181 6 0 0 0 0 
1662743620 3819262337 235195686 5341253 5 0 0 0 0 
4161819501 2323680859 185830142 749774330 5 0 0 0 0 
214735909 834144575 287375831 3876534608 7 0 0 0 0 
2461916935 2555562712 331261355 816150272 6 0 0 0 0 
3235213140 3641621650 3293727731 1657943330 6 0 0 0 0 
1690058697 3720162544 592466191 346342836 5 0 0 0 0 
463039880 3039998152 1855872117 1111229556 5 0 0 0 0 
2449609995 2419291739 2740374866 1651157286 4 0 0 0 0 
1570129652 3413957107 2260596908 280805719 7 0 0 0 0 
3609118455 3382308136 2498691785 3744296907 6 0 0 0 0 
2551262821 895872315 1164286206 304282381 7 0 0 0 0 
1062018364 3697635619 3013772521 2059917322 6 0 0 0 0 
1985375290 4093393209 2068498000 2419446292 4 0 0 0 0 
4283387081 1380198465 1297999903 2553910041 6 0 0 0 0 
2107031062 279768895 1346560810 572610941 7 0 0 0 0 
2114145655 126026906 3693107860 2234531987 7 0 0 0 0 
53432425 3727001991 344921183 1249456619 7 0 0 0 0 
2481881585 983389992 2890322194 1356994636 7 0 0 0 0 
1568118191 3908886669 1274151258 2383577463 7 0 0 0 0 
3527456812 1356160577 1917993760 4019500462 6 0 0 0 0 
566755749 1712940340 1861533277 3187818896 7 0 0 0 0 
1797249337 1306205751 2195082126 194665713 5 0 0 0 0 
3777108314 352010953 2622502967 53726709 7 0 0 0 0 
3195237564 4262559289 2815889201 642518853 5 0 0 0 0 
3572541606 3838357075 3240736407 2214577534 4 0 0 0 0 
425896795 117121707 3647778911 1070656809 6 0 0 0 0 
295877796 3265555059 2231154379 2674246170 5 0 0 0 0 
136881445 2484662671 658994767 4251896643 5 0 0 0 0 
3203257762 2927325886 1250354962 4013672222 5 0 0 0 0 
2571868821 2166004453 2090952991 2165932343 6 0 0 0 0 
1005489510 4118191946 1678162881 3814856924 5 0 0 0 0 
3538199157 1582200374 3109662377 2147005932 5 0 0 0 0 
4044343731 1649436859 4115261211 2019243703 6 0 0 0 0 
250589846 1469899541 3055705426 2410558461 5 0 0 0 0 
2119191336 391700065 3535747339 2677074642 7 0 0 0 0 
34228655 257816637 3780551836 2997645427 6 0 0 0 0 
